1.01027549490283
1.01027549490283
1.01027549490283
1.01027549490283
1.01027549490283
1.01027549490283
1.01027549490283
1.01027549490283
0.698411410367434
0.698411410367434
0.698411410367434
0.698411410367434
0.698411410367434
0.698411410367434
0.698411410367434
0.698411410367434
0.0746832412966352
0.0746832412966352
0.0746832412966352
0.0746832412966352
0.0746832412966352
0.0746832412966352
0.0746832412966352
0.0746832412966352
0.698411410367434
0.698411410367434
0.698411410367434
0.698411410367434
0.698411410367434
0.698411410367434
0.698411410367434
0.698411410367434
0.776377431501283
0.776377431501283
0.776377431501283
0.776377431501283
0.776377431501283
0.776377431501283
0.776377431501283
0.776377431501283
0.698411410367434
0.698411410367434
0.698411410367434
0.698411410367434
0.698411410367434
0.698411410367434
0.698411410367434
0.698411410367434
0.542479368099734
0.542479368099734
0.542479368099734
0.542479368099734
0.542479368099734
0.542479368099734
0.542479368099734
0.542479368099734
-0.704976970041863
-0.704976970041863
-0.704976970041863
-0.704976970041863
-0.704976970041863
-0.704976970041863
-0.704976970041863
-0.704976970041863
-0.938875033443412
-0.938875033443412
-0.938875033443412
-0.938875033443412
-0.938875033443412
-0.938875033443412
-0.938875033443412
-2.65412749838811
-2.65412749838811
-2.65412749838811
-2.65412749838811
-2.65412749838811
-2.65412749838811
-2.65412749838811
-2.65412749838811
-0.159214822104914
-0.159214822104914
-0.159214822104914
-0.159214822104914
-0.159214822104914
-0.159214822104914
-0.159214822104914
-0.159214822104914
-0.159214822104914
-0.159214822104914
-0.159214822104914
-0.159214822104914
-0.159214822104914
-0.159214822104914
-0.159214822104914
-0.159214822104914
