2.27712510793097
2.27712510793097
2.27712510793097
2.27712510793097
2.27712510793097
2.27712510793097
2.27712510793097
2.27712510793097
0.324476857899901
0.324476857899901
0.324476857899901
0.324476857899901
0.324476857899901
0.324476857899901
0.324476857899901
0.324476857899901
-0.69924164211639
-0.69924164211639
-0.69924164211639
-0.69924164211639
-0.69924164211639
-0.69924164211639
-0.69924164211639
-0.69924164211639
-0.661326142115787
-0.661326142115787
-0.661326142115787
-0.661326142115787
-0.661326142115787
-0.661326142115787
-0.661326142115787
-0.661326142115787
-1.24901639212514
-1.24901639212514
-1.24901639212514
-1.24901639212514
-1.24901639212514
-1.24901639212514
-1.24901639212514
-1.24901639212514
-0.831945892118502
-0.831945892118502
-0.831945892118502
-0.831945892118502
-0.831945892118502
-0.831945892118502
-0.831945892118502
-0.831945892118502
-0.301128892110055
-0.301128892110055
-0.301128892110055
-0.301128892110055
-0.301128892110055
-0.301128892110055
-0.301128892110055
-0.301128892110055
0.0401106078953755
0.0401106078953755
0.0401106078953755
0.0401106078953755
0.0401106078953755
0.0401106078953755
0.0401106078953755
0.0401106078953755
1.27236435791498
1.27236435791498
1.27236435791498
1.27236435791498
1.27236435791498
1.27236435791498
1.27236435791498
1.08278685791197
1.08278685791197
1.08278685791197
1.08278685791197
1.08278685791197
1.08278685791197
1.08278685791197
1.08278685791197
-0.547579642113976
-0.547579642113976
-0.547579642113976
-0.547579642113976
-0.547579642113976
-0.547579642113976
-0.547579642113976
-0.547579642113976
-0.547579642113976
-0.547579642113976
-0.547579642113976
-0.547579642113976
-0.547579642113976
-0.547579642113976
-0.547579642113976
-0.547579642113976
