2.04488126155632
2.04488126155632
2.04488126155632
2.04488126155632
2.04488126155632
2.04488126155632
2.04488126155632
2.04488126155632
0.00191482074481249
0.00191482074481249
0.00191482074481249
0.00191482074481249
0.00191482074481249
0.00191482074481249
0.00191482074481249
0.00191482074481249
-1.18748344959065
-1.18748344959065
-1.18748344959065
-1.18748344959065
-1.18748344959065
-1.18748344959065
-1.18748344959065
-1.18748344959065
-0.613773695664135
-0.613773695664135
-0.613773695664135
-0.613773695664135
-0.613773695664135
-0.613773695664135
-0.613773695664135
-0.613773695664135
-1.66324275772484
-1.66324275772484
-1.66324275772484
-1.66324275772484
-1.66324275772484
-1.66324275772484
-1.66324275772484
-1.66324275772484
-0.445858645734422
-0.445858645734422
-0.445858645734422
-0.445858645734422
-0.445858645734422
-0.445858645734422
-0.445858645734422
-0.445858645734422
-0.0400639417376157
-0.0400639417376157
-0.0400639417376157
-0.0400639417376157
-0.0400639417376157
-0.0400639417376157
-0.0400639417376157
-0.0400639417376157
-0.389886962424518
-0.389886962424518
-0.389886962424518
-0.389886962424518
-0.389886962424518
-0.389886962424518
-0.389886962424518
-0.389886962424518
1.19131309108028
1.19131309108028
1.19131309108028
1.19131309108028
1.19131309108028
1.19131309108028
1.19131309108028
1.19131309108028
1.19131309108028
1.19131309108028
1.19131309108028
1.19131309108028
1.19131309108028
1.19131309108028
1.19131309108028
0.0299006623997646
0.0299006623997646
0.0299006623997646
0.0299006623997646
0.0299006623997646
0.0299006623997646
0.0299006623997646
0.0299006623997646
0.0299006623997646
0.0299006623997646
0.0299006623997646
0.0299006623997646
0.0299006623997646
0.0299006623997646
0.0299006623997646
0.0299006623997646
